20, 8, 0.002123,0.002121,0.000106,20
30, 8, 0.001800,0.001800,0.000090,20
40, 8, 0.002631,0.002629,0.000131,20
50, 8, 0.003747,0.003741,0.000187,20
60, 8, 0.004799,0.004798,0.000240,20
70, 8, 0.006222,0.006221,0.000311,20
80, 8, 0.008294,0.008278,0.000414,20
90, 8, 0.008727,0.008726,0.000436,20
100, 8, 0.010974,0.010974,0.000549,20
110, 8, 0.014331,0.014325,0.000716,20
120, 8, 0.014899,0.014897,0.000745,20
130, 8, 0.018138,0.018133,0.000907,20
140, 8, 0.021016,0.020999,0.001050,20
150, 8, 0.022480,0.022480,0.001124,20
160, 8, 0.026147,0.026144,0.001307,20
170, 8, 0.028903,0.028899,0.001445,20
180, 8, 0.032784,0.032780,0.001639,20
190, 8, 0.036203,0.036201,0.001810,20
